4
1
0
0
1
0
116589
399
true
true
true
true
0
0
0
1
1
0
1
1
1
1
0
0
1
1
1
1
1
0
0
0
1
0
1
1
1
1
1
1
0
1
1
1
1
1
0
0
0
1
1
1
1
1
0
1
0
22
1
1
0
1
1
0
0
0
0
1
1
1
1
1
1
1
3
1
1
1
1
1
0
0
0
1
1
1
1
1
1
1
1
3
1
1
1
1
1
0
0
0
1
1
1
1
1
1
1
1
3
1
1
1
1
1
0
0
0
1
1
1
1
1
1
1
1
3
1
1
1
1
1
0
0
0
22
2
22
57
7
7
7
8
3
2
2
1
1
1
0
0
0
7
2
4
4
4
4
4
4
3
27
22
1
1
1
0
0
0
22
22
7
22
22
22
22
2
3
27
22
1
0
1
0
0
0
22
3
22
22
22
22
22
42
3
27
22
1
1
1
0
0
0
22
22
27
22
4
4
4
4
3
27
22
0
1
1
0
0
2
22
3
22
22
3
22
22
22
57
22
22
1
1
1
0
0
2
22
22
22
2
3
22
4
22
3
2
22
1
1
1
0
0
2
22
0
22
2
3
22
22
7
3
27
22
1
1
1
0
0
2
22
0
7
27
3
22
22
22
22
27
22
1
1
1
0
0
2
3
0
22
22
3
52
3
22
3
0
22
1
1
1
0
0
2
3
57
7
4
3
22
10
10
3
0
22
1
1
1
0
0
2
57
8
8
22
3
22
10
8
3
10
22
1
1
1
0
0
0
22
7
22
7
3
22
10
10
3
10
2
1
1
1
0
0
0
22
22
22
22
3
7
57
10
3
10
22
1
1
1
0
0
0
0
0
0
22
3
22
22
22
3
22
22
1
1
1
0
0
0
1
1
1
1
3
1
1
1
3
1
1
1
1
1
0
0
0
1
1
1
1
1
1
1
0
0
0
1
1
1
1
0
0
